11 22 28
13 79 13
3 0 37
x
x
4 86 28
x
3 2 31
3 4 44
x
1 55 36
2 5 41
x
12 46 28
10 40 22
6 34 42
10 35 38
2 8 35
11 28 20
4 90 14
4 91 11
x
x
10 49 13
2 13 4
10 37 1
x
x
4 94 33
12 49 32
2 18 8
13 84 17
6 36 8
7 29 23
3 7 32
12 50 7
x
14 93 27
7 35 18
x
7 38 38
0 24 9
7 33 11
7 42 13
10 38 6
12 54 35
5 5 22
x
13 75 43
8 13 22
3 9 12
13 89 24
0 29 11
7 46 26
13 90 26
7 48 9
12 57 44
6 38 0
3 13 42
3 19 5
0 31 15
12 62 23
13 93 5
13 95 3
2 21 43
12 63 33
3 14 13
6 43 36
x
3 24 15
6 48 5
x
6 51 20
x
x
9 88 32
7 50 34
10 45 23
11 24 14
13 96 41
6 54 1
7 54 15
7 59 42
1 51 22
14 95 9
x
3 26 2
x
2 26 20
10 54 3
15 0 17
0 9 20
11 32 39
1 62 27
0 36 22
1 59 42
x
x
2 28 21
8 16 18
1 67 6
12 67 30
0 52 24
14 0 30
x
1 69 7
8 20 0
14 3 35
x
10 59 21
0 37 26
x
15 82 19
5 9 34
10 64 27
7 63 25
4 98 16
14 6 26
x
0 57 29
5 14 29
x
15 9 18
5 19 7
5 24 16
5 0 33
0 41 31
7 65 26
12 69 10
5 29 15
x
14 97 15
3 29 41
1 73 34
3 38 22
3 40 20
3 17 40
3 34 18
x
8 22 10
11 36 25
14 11 42
2 31 22
x
6 57 39
8 25 24
15 13 36
1 26 39
15 5 0
8 29 28
2 34 23
14 14 38
x
3 43 34
10 69 11
2 36 5
x
14 17 28
1 75 40
12 74 34
12 77 16
5 31 3
x
1 78 41
0 43 6
1 81 43
7 70 18
7 72 19
0 48 8
14 1 15
7 73 20
12 79 2
1 85 38
4 99 4
x
x
6 62 27
7 77 32
12 83 8
1 87 2
11 38 26
10 73 36
8 34 44
0 62 14
10 78 2
12 96 38
7 78 31
5 39 9
1 92 20
x
2 40 36
6 67 14
7 80 23
8 38 35
14 19 8
14 20 11
14 23 44
11 43 31
0 65 17
14 28 1
14 99 12
0 69 3
14 32 33
6 69 35
7 81 32
14 25 43
15 7 38
14 37 21
12 88 20
11 26 28
14 41 36
x
x
x
7 85 22
5 36 44
5 45 2
2 42 26
x
3 46 6
1 95 31
9 0 10
3 53 21
x
x
11 48 5
8 42 17
x
8 44 27
0 45 23
x
15 99 43
3 58 27
8 48 29
8 50 32
x
0 74 25
x
5 47 12
14 42 20
6 73 22
0 78 7
x
9 4 34
8 51 16
8 58 36
2 49 17
6 76 33
14 44 12
2 54 25
0 80 30
10 46 26
12 92 22
14 47 28
0 46 28
7 87 14
15 17 25
8 61 30
x
x
13 0 20
8 66 1
13 4 25
x
8 72 9
11 52 6
6 81 19
8 74 13
8 77 31
2 58 38
7 88 38
6 6 21
x
13 8 12
3 67 19
2 62 44
7 89 32
x
6 84 27
3 50 16
8 79 14
0 85 2
0 86 4
13 10 36
x
3 36 36
0 89 5
x
x
11 54 14
3 62 24
5 2 44
5 52 32
6 85 18
13 13 9
3 73 8
11 55 16
8 84 40
7 90 41
1 97 39
x
x
11 57 1
7 95 14
8 92 8
9 9 3
5 56 25
9 12 12
14 51 5
9 16 19
0 92 13
x
8 88 38
2 65 12
8 56 25
3 78 39
13 16 35
x
15 21 42
x
4 0 37
3 82 9
9 24 31
x
13 19 19
10 83 40
11 60 10
13 23 2
15 24 3
9 19 41
15 25 44
2 68 14
4 5 38
13 28 6
15 32 39
14 56 34
3 85 29
6 87 43
7 97 5
5 61 11
5 63 31
6 91 15
13 31 23
x
11 61 42
x
6 93 24
3 65 33
13 36 7
0 97 21
1 0 34
2 74 6
3 88 35
6 96 44
10 87 30
10 89 35
2 77 23
14 64 8
12 0 37
2 82 3
11 68 30
13 41 24
6 98 13
12 5 23
13 49 31
x
11 70 41
5 67 15
8 70 39
5 69 30
9 21 0
3 95 1
x
11 74 0
4 10 17
12 7 16
1 3 39
9 29 14
12 90 17
15 34 3
9 32 39
4 15 26
14 68 15
8 96 39
4 29 10
x
10 96 4
1 6 33
x
4 33 7
1 11 35
x
2 87 40
x
11 79 7
x
0 98 0
x
x
2 91 31
x
0 0 1
x
15 39 13
9 36 2
2 94 16
x
13 46 28
11 82 12
10 0 5
10 3 41
7 0 8
9 39 37
x
13 56 0
7 4 17
11 84 17
9 43 23
9 45 25
9 49 20
9 53 43
9 58 15
13 52 21
1 14 44
2 47 26
x
6 99 44
12 10 4
4 45 43
4 20 25
5 73 20
15 42 40
3 71 28
3 93 30
1 17 0
10 5 24
15 46 37
x
13 60 30
9 66 9
4 24 30
x
x
12 15 32
x
0 99 16
7 9 3
x
7 14 19
x
x
9 70 33
10 10 37
1 22 21
14 61 4
12 94 14
10 14 8
15 30 30
10 18 44
x
12 20 11
15 51 14
x
4 22 22
9 75 26
11 88 19
5 43 29
x
x
x
4 37 31
x
x
x
2 60 37
1 53 28
x
x
x
8 82 12
1 28 28
5 76 6
x
10 24 33
5 79 19
12 24 40
10 27 29
13 54 27
9 78 17
10 92 18
x
x
9 63 29
15 57 9
12 29 14
11 92 12
8 90 23
9 81 32
1 31 11
13 63 29
15 60 22
14 73 18
14 62 4
15 62 16
10 47 1
4 39 32
x
5 84 28
11 95 9
15 66 29
15 69 30
5 88 10
1 40 32
6 0 40
11 98 42
9 86 34
x
15 70 6
6 8 41
4 50 18
4 55 0
9 90 21
10 81 23
7 19 6
8 99 43
15 75 27
4 41 36
14 76 3
1 99 37
1 25 38
14 79 10
15 77 2
5 93 24
x
x
9 94 42
9 98 4
13 65 34
5 80 16
14 81 12
11 0 9
11 2 23
14 82 33
x
x
2 72 14
x
x
1 35 42
4 60 40
x
x
0 5 27
6 12 21
1 45 37
x
15 79 22
6 17 2
0 11 10
4 42 26
6 22 11
14 83 16
15 80 31
x
x
0 6 12
1 37 16
4 64 42
x
11 77 41
11 5 43
5 82 40
5 97 13
13 68 39
6 24 4
6 29 37
11 9 15
x
2 97 42
x
7 24 11
x
x
4 69 23
12 34 18
12 38 29
0 16 18
8 0 11
15 84 10
x
x
15 88 4
12 42 1
x
13 72 22
x
7 27 44
15 93 11
8 3 6
x
9 73 38
1 49 23
0 20 19
2 0 38
x
10 21 19
14 86 32
10 30 38
14 90 29
4 74 4
4 78 14
11 18 6
11 14 25
15 96 41
x
10 33 0
x
x
x
4 82 36
x
8 6 5
14 92 10
4 43 3
8 9 7
